110000000000000000
110000001010010000
110000010100011111
110000011110101111
110000101000111110
110000110011001101
110000111101011101
110001000111101100
110001010001111011
110001011100001011
110001100110011010
110001110000101001
110001111010111001
110010000101001000
110010001111011000
110010011001100111
110010100011110110
110010101110000110
110010111000010101
110011000010100100
110011001100110100
110011010111000011
110011100001010010
110011101011100010
110011110101110001
110100000000000001
110100001010010000
110100010100011111
110100011110101111
110100101000111110
110100110011001101
110100111101011101
110101000111101100
110101010001111011
110101011100001011
110101100110011010
110101110000101001
110101111010111001
110110000101001000
110110001111011000
110110011001100111
110110100011110110
110110101110000110
110110111000010101
110111000010100100
110111001100110100
110111010111000011
110111100001010010
110111101011100010
110111110101110001
111000000000000001
111000001010010000
111000010100011111
111000011110101111
111000101000111110
111000110011001101
111000111101011101
111001000111101100
111001010001111011
111001011100001011
111001100110011010
111001110000101001
111001111010111001
111010000101001000
111010001111011000
111010011001100111
111010100011110110
111010101110000110
111010111000010101
111011000010100100
111011001100110100
111011010111000011
111011100001010010
111011101011100010
111011110101110001
111100000000000001
111100001010010000
111100010100011111
111100011110101111
111100101000111110
111100110011001101
111100111101011101
111101000111101100
111101010001111011
111101011100001011
111101100110011010
111101110000101001
111101111010111001
111110000101001000
111110001111011000
111110011001100111
111110100011110110
111110101110000110
111110111000010101
111111000010100100
111111001100110100
111111010111000011
111111100001010010
111111101011100010
111111110101110001
000000000000000000
000000001010001111
000000010100011110
000000011110101110
000000101000111101
000000110011001100
000000111101011100
000001000111101011
000001010001111010
000001011100001010
000001100110011001
000001110000101000
000001111010111000
000010000101000111
000010001111010111
000010011001100110
000010100011110101
000010101110000101
000010111000010100
000011000010100011
000011001100110011
000011010111000010
000011100001010001
000011101011100001
000011110101110000
000100000000000000
000100001010001111
000100010100011110
000100011110101110
000100101000111101
000100110011001100
000100111101011100
000101000111101011
000101010001111010
000101011100001010
000101100110011001
000101110000101000
000101111010111000
000110000101000111
000110001111010111
000110011001100110
000110100011110101
000110101110000101
000110111000010100
000111000010100011
000111001100110011
000111010111000010
000111100001010001
000111101011100001
000111110101110000
001000000000000000
001000001010001111
001000010100011110
001000011110101110
001000101000111101
001000110011001100
001000111101011100
001001000111101011
001001010001111010
001001011100001010
001001100110011001
001001110000101000
001001111010111000
001010000101000111
001010001111010111
001010011001100110
001010100011110101
001010101110000101
001010111000010100
001011000010100011
001011001100110011
001011010111000010
001011100001010001
001011101011100001
001011110101110000
001100000000000000
001100001010001111
001100010100011110
001100011110101110
001100101000111101
001100110011001100
001100111101011100
001101000111101011
001101010001111010
001101011100001010
001101100110011001
001101110000101000
001101111010111000
001110000101000111
001110001111010111
001110011001100110
001110100011110101
001110101110000101
001110111000010100
001111000010100011
001111001100110011
001111010111000010
001111100001010001
001111101011100001
001111110101110000
